PROJECT 5 - STEP 6
EXPLORATORY FRAUD ANALYSIS
===========================================================================

OVERALL FRAUD SUMMARY

     Class  Transaction_Count  Transaction_Value  Average_Amount  Minimum_Amount  Maximum_Amount  Average_Origin_Balance_Before  Average_Destination_Balance_Before
Legitimate            6354407       1.132337e+12    1.781970e+05            0.01     92445516.64                   8.328287e+05                        1.101421e+06
     Fraud               8213       1.205642e+10    1.467967e+06            0.00     10000000.00                   1.649668e+06                        5.442496e+05

TRANSACTION TYPE ANALYSIS

Transaction_Type  Transaction_Count  Transaction_Value  Average_Transaction_Amount  Fraud_Count  Fraud_Value  Average_Fraud_Amount  Fraud_Rate_Pct  Fraud_Value_Share_Pct
         CASH_IN            1399284       2.363674e+11               168920.242004            0 0.000000e+00          0.000000e+00        0.000000               0.000000
        CASH_OUT            2237500       3.944130e+11               176273.964346         4116 5.989202e+09          1.455103e+06        0.183955               1.518510
           DEBIT              41432       2.271992e+08                 5483.665314            0 0.000000e+00          0.000000e+00        0.000000               0.000000
         PAYMENT            2151495       2.809337e+10                13057.604660            0 0.000000e+00          0.000000e+00        0.000000               0.000000
        TRANSFER             532909       4.852920e+11               910647.009645         4097 6.067213e+09          1.480892e+06        0.768799               1.250219

HOURLY FRAUD ANALYSIS

 Hour_of_Day  Transaction_Count  Transaction_Value  Fraud_Count  Fraud_Value  Fraud_Rate_Pct
           0              27111       3.200401e+09          358 366685648.61        1.320497
           1               9018       1.555136e+09          372 700179276.58        4.125083
           2               2007       9.178075e+08          326 628560056.95       16.243149
           3               1241       4.526704e+08          274 340582284.76       22.078969
           4               1641       6.373555e+08          366 502723699.68       22.303473
           5               3420       7.331408e+08          358 446186370.27       10.467836
           6               8988       1.342657e+09          328 330311639.84        3.649310
           7              26915       4.771772e+09          368 621345818.05        1.367267
           8             283518       5.723031e+10          341 413074885.38        0.120275
           9             425729       9.072886e+10          375 688339630.73        0.088084
          10             445992       8.683629e+10          324 362885498.68        0.072647
          11             483418       9.536523e+10          339 457632561.84        0.070126
          12             468474       8.960632e+10          346 475366223.68        0.073857
          13             439653       8.301986e+10          353 649472689.54        0.080291
          14             416686       8.813444e+10          341 407576254.08        0.081836
          15             441612       1.035103e+11          345 517753121.68        0.078123
          16             439941       8.645000e+10          353 574575748.20        0.080238
          17             580509       9.090729e+10          343 491177656.01        0.059086
          18             647814       9.648392e+10          342 409606377.62        0.052793
          19             553728       7.492890e+10          340 495271826.52        0.061402
          20             247806       3.395142e+10          347 679124955.63        0.140029
          21             194555       2.646125e+10          351 625700634.92        0.180412
          22             141257       1.803451e+10          323 462905588.77        0.228661
          23              71587       9.133131e+09          300 409376979.82        0.419071

DAILY FRAUD ANALYSIS

 Transaction_Day  Transaction_Count  Transaction_Value  Fraud_Count  Fraud_Value  Fraud_Rate_Pct
               1             574255       9.213187e+10          271 211163827.46        0.047192
               2             455238       7.123864e+10          309 379239685.07        0.067877
               3               1070       4.470845e+08          310 394508860.60       28.971963
               4              28240       3.830547e+09          262 438246816.02        0.927762
               5               9789       1.325134e+09          252 244980578.12        2.574318
               6             441005       7.340999e+10          228 367233582.40        0.051700
               7             420583       6.707078e+10          272 401790128.80        0.064672
               8             449637       7.003060e+10          278 351994017.01        0.061828
               9             417919       5.806777e+10          255 384571254.76        0.061017
              10             392945       6.519035e+10          282 373060698.37        0.071766
              11             417859       6.032866e+10          262 420456884.74        0.062701
              12             349776       5.798850e+10          298 427983144.39        0.085197
              13             428583       1.386731e+11          242 424150490.42        0.056465
              14             397876       1.000374e+11          246 273871833.92        0.061828
              15             401282       7.747236e+10          250 389990810.72        0.062300
              16             375594       6.789054e+10          252 335599134.80        0.067094
              17             425766       7.425013e+10          320 636928450.15        0.075159
              18              20999       3.711531e+09          268 544666009.37        1.276251
              19              11300       1.936896e+09          256 460728183.88        2.265487
              20              19727       3.596373e+09          236 276683328.70        1.196330
              21              24593       4.840421e+09          272 389222618.62        1.106006
              22              53437       9.515279e+09          256 408818642.14        0.479069
              23              51012       8.194746e+09          216 219389372.00        0.423430
              24              32709       5.243509e+09          280 334491241.74        0.856034
              25              57853       9.177487e+09          240 308205485.56        0.414845
              26              13885       2.228710e+09          272 395936994.59        1.958949
              27               8578       1.756269e+09          280 437595788.12        3.264164
              28              14661       3.006718e+09          248 377872026.36        1.691563
              29              54890       9.357636e+09          260 501946774.66        0.473675
              30              11287       1.995900e+09          268 497002529.51        2.374413
              31                272       4.480862e+08          272 448086234.84      100.000000

AMOUNT BAND ANALYSIS

Amount_Bucket  Transaction_Count  Transaction_Value  Fraud_Count  Fraud_Value  Fraud_Rate_Pct
            0                 16       0.000000e+00           16 0.000000e+00      100.000000
        0-10K            1286075       6.046270e+09          262 1.201826e+06        0.020372
      10K-50K            1519856       3.611900e+10          760 2.238543e+07        0.050005
     50K-100K             719351       5.334745e+10          669 4.943280e+07        0.093000
    100K-200K            1163752       1.714990e+11         1035 1.498528e+08        0.088936
    200K-500K            1333286       4.038257e+11         1607 5.315171e+08        0.120529
      500K-1M             209658       1.397920e+11         1158 8.413032e+08        0.552328
        1M-5M             119111       2.129493e+11         1962 4.347513e+09        1.647203
          >5M              11515       1.208143e+11          744 6.113210e+09        6.461138

RISK FLAG ANALYSIS

                         Risk_Flag  Flag_True_Count  Fraud_When_True  Fraud_Rate_When_True_Pct  Flag_False_Count  Fraud_When_False  Fraud_Rate_When_False_Pct  Fraud_Rate_Lift
                  zero_amount_flag               16               16                100.000000           6362604              8197                   0.128831       776.211297
              high_value_200k_flag          1673570             5471                  0.326906           4689050              2742                   0.058477         5.590366
           origin_zero_before_flag          2102449               41                  0.001950           4260171              8172                   0.191823         0.010166
      destination_zero_before_flag          2704388             5351                  0.197864           3658232              2862                   0.078235         2.529109
amount_exceeds_origin_balance_flag          4079080               29                  0.000711           2283540              8184                   0.358391         0.001984
           destination_is_merchant          2151495                0                  0.000000           4211125              8213                   0.195031         0.000000

IMPORTANT INTERPRETATION NOTE

PaySim uses simulated time steps. The hour-of-day and day variables therefore represent simulation time rather than actual calendar timestamps or real customer behaviour.
